Iteration: 1, functional: 3.42670096005380E-003
0.4883243244588974 0.0883243244588974 9.481071852112811E-08
0.1016393468898911 -0.048360653110108905 9.056738831606163E-07
0.22993721160944652 0.12993721160944652 6.7294011709935155E-09
0.18672789426027195 -0.11327210573972804 6.049468342155601E-07
0.3243072584271344 -0.17569274157286557 8.96394647011693E-07
Iteration: 2, functional: 1.37013102324889E-004
0.5007305384182987 0.012406213959401304 9.48739217414341E-08
0.0995850059531441 -0.0020543409367469977 9.63065579192511E-07
0.04260347894163441 -0.18733373266781211 6.660956464610333E-09
0.20006713444582994 0.013339240185557976 6.942454329637653E-07
0.33356267280175733 0.009255414374622918 1.0185676380187787E-06
Iteration: 3, functional: 4.51579430224352E-007
0.5000000639585112 -0.0007304744597875959 9.48779225110707E-08
0.099999678154608 0.0004146722014639069 9.722526876513762E-07
0.05002323249035633 0.007419753548721926 5.181343994773921E-09
0.19999770661123129 -6.942783459864396E-05 6.922760477018613E-07
0.33333259824008277 -0.00023007456167458036 1.0121689719541439E-06