

-2.05 -9.106793040366135E-09
-2.0999999999999996 -9.214010935968826E-09
-2.1500000000000004 -9.26944938410183E-09
-2.2 -9.29888154668218E-09
-2.25 -9.316227321877882E-09
-2.3 -9.327464146128733E-09
-2.3499999999999996 -9.3353557557574E-09
-2.4000000000000004 -9.341345125738775E-09
-2.45 -9.346299433076664E-09
-2.5 -9.350837356742004E-09
-2.55 -9.355500469768442E-09
-2.5999999999999996 -9.360872172115542E-09
-2.6500000000000004 -9.367698950210459E-09
-2.7 -9.37706596559777E-09
-2.75 -9.390715642996754E-09
-2.8 -9.411713500801702E-09
-2.8499999999999996 -9.446001366019549E-09
-2.9000000000000004 -9.50634506346655E-09
-2.95 -9.622034362928099E-09
-3 -9.845381230274975E-09
-3.05 -1.0153576417570423E-08
-3.0999999999999996 -1.0396605687591148E-08
-3.1500000000000004 -1.0569467413980891E-08
-3.2 -1.0759910912799372E-08
-3.25 -1.1062532627365808E-08
-3.3 -1.1454028079761607E-08
-3.3499999999999996 -1.1730298173833232E-08
-3.4000000000000004 -1.1865790096200205E-08
-3.45 -1.1928009683385805E-08
-3.5 -1.195238566547645E-08
-3.55 -1.1951187212747632E-08
-3.5999999999999996 -1.1924022320388656E-08
-3.6500000000000004 -1.1857643516720874E-08
-3.7 -1.1714993091174053E-08
-3.75 -1.1427363095673136E-08
-3.8 -1.1025758878382508E-08
-3.8499999999999996 -1.0711332145183354E-08
-3.9000000000000004 -1.0493929856677251E-08
-3.95 -1.0264156671858497E-08
-4 -9.909110352302179E-09
