

-4.05 -6.569460777482574E-08
-4.1 -6.570112860676353E-08
-4.1499999999999995 -6.57033084107414E-08
-4.2 -6.570424122076742E-08
-4.25 -6.570469486094888E-08
-4.3 -6.570493018078791E-08
-4.35 -6.570505556146945E-08
-4.3999999999999995 -6.570512248427524E-08
-4.45 -6.570515757435244E-08
-4.5 -6.570517529633533E-08
-4.55 -6.57051836902762E-08
-4.6 -6.570518723849943E-08
-4.6499999999999995 -6.570518840653025E-08
-4.7 -6.570518851127143E-08
-4.75 -6.570518822265614E-08
-4.8 -6.570518785568661E-08
-4.85 -6.570518753927412E-08
-4.8999999999999995 -6.570518731199579E-08
-4.95 -6.570518717474791E-08
-5 -6.57051871183804E-08
-5.05 -6.570518713698776E-08
-5.1 -6.570518723266164E-08
-5.1499999999999995 -6.570518741396785E-08
-5.2 -6.570518768740614E-08
-5.25 -6.570518803793714E-08
-5.3 -6.570518839055735E-08
-5.35 -6.570518853896174E-08
-5.3999999999999995 -6.570518801799527E-08
-5.45 -6.570518588122728E-08
-5.5 -6.570518031818547E-08
-5.55 -6.570516799570115E-08
-5.6 -6.570514290638335E-08
-5.6499999999999995 -6.570509428231974E-08
-5.7 -6.570500258354072E-08
-5.75 -6.570483108699149E-08
-5.8 -6.570450608544181E-08
-5.85 -6.570386283464737E-08
-5.8999999999999995 -6.570246731136095E-08
-5.95 -6.569886403959189E-08
-6 -6.56865077983587E-08
