

-4.05 -1.8369877064786512E-09
-4.1 -1.8604685306354449E-09
-4.1499999999999995 -1.874396723628053E-09
-4.2 -1.8842234057856083E-09
-4.25 -1.893359158116361E-09
-4.3 -1.9041931045597272E-09
-4.35 -1.919705923175182E-09
-4.3999999999999995 -1.94560508918972E-09
-4.45 -1.9948379827505466E-09
-4.5 -2.0903794358490443E-09
-4.55 -2.2186594037069012E-09
-4.6 -2.3034950865570505E-09
-4.6499999999999995 -2.329455793077884E-09
-4.7 -2.3070535930050887E-09
-4.75 -2.225934604935444E-09
-4.8 -2.104624065394735E-09
-4.85 -2.0205638090681464E-09
-4.8999999999999995 -1.9875084479279864E-09
-4.95 -1.9885469696866417E-09
-5 -2.021699504048449E-09
-5.05 -2.0770642494479773E-09
-5.1 -2.122060093830527E-09
-5.1499999999999995 -2.154355060959036E-09
-5.2 -2.190668725515527E-09
-5.25 -2.249190680978092E-09
-5.3 -2.3242374903212637E-09
-5.35 -2.373134047639755E-09
-5.3999999999999995 -2.387402971066565E-09
-5.45 -2.373123443061938E-09
-5.5 -2.3242555413002464E-09
-5.55 -2.251031979516481E-09
-5.6 -2.196956827544408E-09
-5.6499999999999995 -2.1682874541370613E-09
-5.7 -2.1517618470571885E-09
-5.75 -2.139828078843865E-09
-5.8 -2.1286479192896925E-09
-5.85 -2.1152132701308245E-09
-5.8999999999999995 -2.0952163067173056E-09
-5.95 -2.059817347687827E-09
-6 -1.9936225541433634E-09
