

-4.05 -3.6809676639334905E-10
-4.1 -3.7282271284561136E-10
-4.1499999999999995 -3.7563936211577917E-10
-4.2 -3.776370451835334E-10
-4.25 -3.7949808116384375E-10
-4.3 -3.8170055232309364E-10
-4.35 -3.848408995718818E-10
-4.3999999999999995 -3.9006095857459646E-10
-4.45 -3.9995048806519194E-10
-4.5 -4.191041829469483E-10
-4.55 -4.44805831278078E-10
-4.6 -4.618146797943878E-10
-4.6499999999999995 -4.670412658535302E-10
-4.7 -4.625868670819803E-10
-4.75 -4.463814217579104E-10
-4.8 -4.2213320837722317E-10
-4.85 -4.0533512615500285E-10
-4.8999999999999995 -3.9874081529595005E-10
-4.95 -3.9896878751259976E-10
-5 -4.0562292811254777E-10
-5.05 -4.167218273480827E-10
-5.1 -4.257475149717202E-10
-5.1499999999999995 -4.3223233356385996E-10
-5.2 -4.3951963418937673E-10
-5.25 -4.5124656146340487E-10
-5.3 -4.662742050612507E-10
-5.35 -4.760640641726012E-10
-5.3999999999999995 -4.789181933264089E-10
-5.45 -4.7605173386469E-10
-5.5 -4.66257357476787E-10
-5.55 -4.515840392979484E-10
-5.6 -4.4073595140977795E-10
-5.6499999999999995 -4.3496659389661083E-10
-5.7 -4.3162410032299725E-10
-5.75 -4.2919813658182875E-10
-5.8 -4.2692102795443435E-10
-5.85 -4.241911469385646E-10
-5.8999999999999995 -4.2014698439785434E-10
-5.95 -4.1302079877433064E-10
-6 -3.9973440797371973E-10
