

-4.05 0.003835007047496924
-4.1 -0.0008835222540625234
-4.1499999999999995 0.0026624384022747834
-4.2 0.0014439003986894535
-4.25 -0.00033930132287361594
-4.3 -0.0008862879823642034
-4.35 -6.823153229151054E-05
-4.3999999999999995 -0.0007565416459658239
-4.45 0.00030528558238587355
-4.5 0.00034741920892951216
-4.55 0.0002870221804516542
-4.6 0.00011353733711929329
-4.6499999999999995 -3.544206969740769E-05
-4.7 -3.458866537326452E-06
-4.75 8.413633146270876E-06
-4.8 -1.8390751801259245E-07
-4.85 -1.5203304712180893E-07
-4.8999999999999995 3.7027891947282183E-09
-4.95 2.2297393346679642E-10
-5 4.205774161325129E-11
-5.05 1.408057735958035E-10
-5.1 2.2075520337286076E-09
-5.1499999999999995 3.70108041451841E-08
-5.2 -3.405414267230931E-07
-5.25 2.9599691254589747E-06
-5.3 -1.9856503136754325E-06
-5.35 -3.17692657992936E-05
-5.3999999999999995 0.00015229634728994402
-5.45 0.00021493940301618098
-5.5 0.00034557689043841647
-5.55 -0.00032626400770730294
-5.6 -0.001231223292583633
-5.6499999999999995 -0.0006203038291848425
-5.7 0.0006930876712858589
-5.75 -0.0004115525639383901
-5.8 -0.0010459835995974
-5.85 -0.0009977932511297004
-5.8999999999999995 -0.0009501176107138499
-5.95 0.003512694623434829
-6 0.0012033322666909997
