

-4.05 0.0013861996984792667
-4.1 -0.0003273154739344506
-4.1499999999999995 0.0009637230334969382
-4.2 0.0005181843436650858
-4.25 -0.00014008520714706437
-4.3 -0.000339155898746823
-4.35 -1.998506518068468E-05
-4.3999999999999995 -0.000296919045974494
-4.45 0.00013484099411610893
-4.5 0.0001644174838732634
-4.55 0.00014695321286982283
-4.6 5.679505801728736E-05
-4.6499999999999995 -4.177025168951854E-05
-4.7 9.815089414888935E-06
-4.75 -5.206425924678071E-06
-4.8 5.976368752427375E-07
-4.85 4.4241809271193614E-08
-4.8999999999999995 -5.945526860063434E-10
-4.95 -1.0806470809663977E-14
-5 -9.3053181065565E-19
-5.05 5.8402917371492994E-15
-5.1 -2.0483712731874135E-10
-5.1499999999999995 -7.277516735033551E-09
-5.2 5.411481284958889E-07
-5.25 -1.8468994356822749E-06
-5.3 1.4689480578045076E-05
-5.35 -2.7423082906935137E-05
-5.3999999999999995 7.676664556550207E-05
-5.45 0.00010114129954360072
-5.5 0.00015379935585744592
-5.55 -0.00012443271527561137
-5.6 -0.0004772507492300742
-5.6499999999999995 -0.00023598212623636135
-5.7 0.00024351716897947907
-5.75 -0.00016027487468873127
-5.8 -0.0003894928020637039
-5.85 -0.0003688817275618074
-5.8999999999999995 -0.0003494245675091371
-5.95 0.0012601090518698436
-6 0.0004387690318988024
