

-4.05 0.0018892163626274706
-4.1 -0.00044497341488335714
-4.1499999999999995 0.001313233288693756
-4.2 0.0007067243884592761
-4.25 -0.00018851320315366673
-4.3 -0.0004596271208302079
-4.35 -2.78425008009558E-05
-4.3999999999999995 -0.00040144351654309657
-4.45 0.00018052559608520397
-4.5 0.00021899536122956637
-4.55 0.0001946742795443761
-4.6 7.535837494181295E-05
-4.6499999999999995 -5.322878452677153E-05
-4.7 1.187258205496702E-05
-4.75 -5.399913674511323E-06
-4.8 4.480140518525492E-07
-4.85 -6.14464030704634E-08
-4.8999999999999995 3.5412449304143647E-10
-4.95 -1.082773891579232E-13
-5 6.74715185038945E-18
-5.05 -6.372410679375924E-15
-5.1 1.2193752291974584E-10
-5.1499999999999995 1.3462596616155397E-08
-5.2 4.309910390402066E-07
-5.25 -2.025808278144908E-06
-5.3 1.7990261173069288E-05
-5.35 -3.5361335681712023E-05
-5.3999999999999995 0.0001018001326203395
-5.45 0.00013476586885283176
-5.5 0.0002057816994864652
-5.55 -0.00016866354632591714
-5.6 -0.0006459879714071518
-5.6499999999999995 -0.000319973086105868
-5.7 0.00033284283052897027
-5.75 -0.00021682652581791854
-5.8 -0.0005292254905384291
-5.85 -0.0005015792403652178
-5.8999999999999995 -0.0004753722199285755
-5.95 0.0017187198022737497
-6 0.0005974169623000695
