

-4.05 0.00720293338485391
-4.1 -0.0013919635357246007
-4.1499999999999995 0.0049625953465591115
-4.2 0.0028454249734821244
-4.25 -4.86190001373047E-05
-4.3 -0.00103447774932823
-4.35 -0.00026667919271946395
-4.3999999999999995 -0.0006406036298630018
-4.45 -0.00013705556484958997
-4.5 -0.0003387402753555854
-4.55 -0.00041848187362777397
-4.6 -0.00023450069672156012
-4.6499999999999995 5.759350043413556E-06
-4.7 3.2717187004331595E-05
-4.75 2.4084898306069553E-05
-4.8 1.052292219361172E-05
-4.85 6.2952520844181335E-06
-4.8999999999999995 3.6410261283737925E-06
-4.95 2.5262417642283037E-06
-5 2.071058475510666E-06
-5.05 2.555120105862212E-06
-5.1 3.0834221172381946E-06
-5.1499999999999995 4.301554742652519E-06
-5.2 1.025427136640617E-05
-5.25 1.3930122294300846E-05
-5.3 5.023199543178906E-05
-5.35 4.1583593846665376E-05
-5.3999999999999995 -0.00025906144876135863
-5.45 -0.00024217352619593528
-5.5 -0.00021341321954863323
-5.55 -0.0003757821054453728
-5.6 -0.0012155015951382752
-5.6499999999999995 -0.0007627514164808779
-5.7 0.0015488672488189275
-5.75 -0.0003791855042651455
-5.8 -0.0015781092955018713
-5.85 -0.001597244940342611
-5.8999999999999995 -0.001583766069426764
-5.95 0.006914119038280321
-6 0.002154902657188347
