0.04 0.2 1 2 
-2.55 -2.6500000000000004 -2.75 -2.8499999999999996 -2.95 -3.05 -3.1500000000000004 -3.25 -3.3499999999999996 -3.45 
8.242744424765301E-07 8.242745464392142E-07 8.242746006876669E-07 8.242746066115799E-07 8.242745508352139E-07 8.242744070888507E-07 8.242742217052708E-07 8.242739977194102E-07 8.242737392721894E-07 8.242735186281261E-07 
8.242674492810233E-07 8.242670345881304E-07 8.242663532969849E-07 8.242652132087354E-07 8.242631592065589E-07 8.242594768326983E-07 8.242553114062318E-07 8.2425077196552E-07 8.242460476105367E-07 8.242431058919758E-07 
8.24125807837531E-07 8.241172491717942E-07 8.241041747045468E-07 8.240821733643575E-07 8.240406246963744E-07 8.239623891912319E-07 8.238753961001339E-07 8.237815874472344E-07 8.236842387476811E-07 8.236295735572965E-07 
8.237963097180149E-07 8.237760799372218E-07 8.23742073933603E-07 8.236794357266825E-07 8.235498689412614E-07 8.232889508572183E-07 8.230056255236856E-07 8.227036701505578E-07 8.223877811436145E-07 8.222256648697431E-07 
-3.4392120544615964E-10 -3.448740754576469E-10 -3.466739616323532E-10 -3.5072261910005147E-10 -3.62860959681466E-10 -3.98445256375252E-10 -4.2460523936086576E-10 -4.4786870183088754E-10 -4.766561298811148E-10 -4.859062330848753E-10 
-1.719027890932514E-09 -1.7237097944231179E-09 -1.7326045706334813E-09 -1.752708044402441E-09 -1.8132050567081325E-09 -1.9908571035193944E-09 -2.1213296073586178E-09 -2.237278774614106E-09 -2.380840898117201E-09 -2.4267864475612587E-09 
-8.552510739675179E-09 -8.570445151311872E-09 -8.607791473122236E-09 -8.698414301286745E-09 -8.986464122354762E-09 -9.853846121512037E-09 -1.0480427430897991E-08 -1.1031040987916636E-08 -1.1719526030495876E-08 -1.1927144426447639E-08 
-1.7012747820475176E-08 -1.7038054739989785E-08 -1.7097518832569943E-08 -1.7255075933003154E-08 -1.7792406491709093E-08 -1.9465310670847125E-08 -2.0639471841244898E-08 -2.1649954341653996E-08 -2.2936203647745378E-08 -2.32911187368533E-08 
