

-4.05 0.0028170484305428045
-4.1 -0.0006583544329515125
-4.1499999999999995 0.0019572873481446657
-4.2 0.001056185876801109
-4.25 -0.00026988256059449
-4.3 -0.000673257985363327
-4.35 -4.4449265496753354E-05
-4.3999999999999995 -0.0005835460047101302
-4.45 0.0002536708173191021
-4.5 0.00030202130820150856
-4.55 0.0002630373536849619
-4.6 0.00010250875404576775
-4.6499999999999995 -6.075478232731908E-05
-4.7 1.0062793389174502E-05
-4.75 -1.1060390732449236E-07
-4.8 -6.805195551869775E-07
-4.85 3.492579428895617E-08
-4.8999999999999995 7.497914444256831E-10
-4.95 -2.5772201990683215E-12
-5 -9.062392311914944E-14
-5.05 -1.3763527052027754E-12
-5.1 3.3858380829922856E-10
-5.1499999999999995 -1.413187798053012E-08
-5.2 -5.52449002921076E-07
-5.25 -5.929195329870224E-07
-5.3 1.647872161681537E-05
-5.35 -4.2663194755861836E-05
-5.3999999999999995 0.0001381310692711791
-5.45 0.0001861556766624147
-5.5 0.00028856143494712433
-5.55 -0.000247270042977682
-5.6 -0.0009425337815230526
-5.6499999999999995 -0.00046951815875155806
-5.7 0.0005007972311281811
-5.75 -0.00031587248011150337
-5.8 -0.0007817413542342165
-5.85 -0.0007425769665205244
-5.8999999999999995 -0.0007049367323339809
-5.95 0.0025690365685762974
-6 0.0008882760101485417
