

-4.05 0.005668628361594654
-4.1 -0.0012394129154880478
-4.1499999999999995 0.003925274601384632
-4.2 0.0021673926418565048
-4.25 -0.0003523542298921228
-4.3 -0.0011501065992082955
-4.35 -0.00014248444148626393
-4.3999999999999995 -0.000917294808045261
-4.45 0.00024108344907720403
-4.5 0.0001889653124761401
-4.55 7.590094985803648E-05
-4.6 2.4145941785361265E-05
-4.6499999999999995 9.092163934186727E-05
-4.7 -1.4104845541402283E-05
-4.75 -1.0418737226842955E-05
-4.8 -2.474691655597776E-06
-4.85 -1.0143069940033067E-06
-4.8999999999999995 -9.418142653047864E-08
-4.95 -8.761120646746432E-08
-5 -6.090473176013292E-08
-5.05 -5.742403080742931E-08
-5.1 -5.077590342522251E-08
-5.1499999999999995 6.501365861888922E-08
-5.2 -2.0590265363002277E-06
-5.25 -4.595642882949138E-06
-5.3 -2.6719438937839325E-05
-5.35 5.3385455853939616E-05
-5.3999999999999995 4.099640628691633E-05
-5.45 0.00011597123404750037
-5.5 0.00025950000345705096
-5.55 -0.00042735636544507713
-5.6 -0.0015436473891109906
-5.6499999999999995 -0.0008172263270379973
-5.7 0.001085600316339987
-5.75 -0.0005110126439278527
-5.8 -0.0014507288664210862
-5.85 -0.0014066409902633921
-5.8999999999999995 -0.001354966171760557
-5.95 0.0052717324254194535
-6 0.0017509316869559423
