

-4.05 0.0009416549309073136
-4.1 -0.00022267522933161403
-4.1499999999999995 0.0006547231279004571
-4.2 0.00035185969886676106
-4.25 -9.586321934341886E-05
-4.3 -0.0002311506412413746
-4.35 -1.340273545171976E-05
-4.3999999999999995 -0.00020263795098226798
-4.45 9.253368290793276E-05
-4.5 0.00011314730210419327
-4.55 0.00010142456939743131
-4.6 3.916930894769217E-05
-4.6499999999999995 -2.9399238833152898E-05
-4.7 7.073443943719146E-06
-4.75 -3.978456185368292E-06
-4.8 5.002259217464788E-07
-4.85 6.957079955099127E-08
-4.8999999999999995 9.114563134201563E-12
-4.95 -4.14597636039364E-14
-5 -3.1099881284059683E-19
-5.05 4.535612223772567E-15
-5.1 1.1301669740825593E-11
-5.1499999999999995 -1.2645392999207628E-08
-5.2 4.463041857593918E-07
-5.25 -1.3836242589692586E-06
-5.3 1.0529581256872123E-05
-5.35 -1.9191394715322564E-05
-5.3999999999999995 5.2955965636721866E-05
-5.45 6.958982677061608E-05
-5.5 0.00010558051133083674
-5.55 -8.479977034583335E-05
-5.6 -0.00032549800683544483
-5.6499999999999995 -0.00016078499967827812
-5.7 0.00016514314680789402
-5.75 -0.00010934707172140263
-5.8 -0.00026505613037765296
-5.85 -0.00025092488239197977
-5.8999999999999995 -0.00023761645818556673
-5.95 0.0008556045792527023
-6 0.00029822870927185614
