

-4.05 -183.2948732901302
-4.1 176.4736575210808
-4.1499999999999995 -183.62865419579617
-4.2 -182.7725442149434
-4.25 -22.784517298129476
-4.3 184.71411279548926
-4.35 203.21689401721403
-4.3999999999999995 -45.891538950830835
-4.45 -19.63723917742808
-4.5 -22.458413737628224
-4.55 -26.05992119766295
-4.6 -25.186298382751975
-4.6499999999999995 110.96719264295311
-4.7 86.20027229897758
-4.75 59.279845699657756
-4.8 16.530964621841363
-4.85 88.25927122932633
-4.8999999999999995 60.93751262918673
-4.95 51.307533636720464
-5 49.60830765714877
-5.05 64.39693913478105
-5.1 59.9160311714696
-5.1499999999999995 -266.50237318556907
-5.2 52.44733619336702
-5.25 -30.93830287187042
-5.3 103.00275603349107
-5.35 -30.30068065715713
-5.3999999999999995 -25.53256570455228
-5.45 -23.15063138509124
-5.5 -18.517076464801562
-5.55 177.3951228953501
-5.6 -17.44364220772853
-5.6499999999999995 175.60516912577899
-5.7 -180.47538449075765
-5.75 -19.270337416918057
-5.8 181.565878975152
-5.85 176.95863085975506
-5.8999999999999995 177.08768346906288
-5.95 -182.61765956631143
-6 -185.17547824806448
