

-4.05 -180.66728636049532
-4.1 179.28539950906384
-4.1499999999999995 -180.7346507680558
-4.2 -180.55615271455505
-4.25 -4.6286684571037835
-4.3 180.97370981416503
-4.35 186.5768370224347
-4.3999999999999995 -10.787008703002332
-4.45 -4.043865006151415
-4.5 -4.652374071195179
-4.55 -5.419485726459622
-4.6 -4.687836859752791
-4.6499999999999995 165.0774170783173
-4.7 -197.08708905424083
-4.75 -35.2606823623833
-4.8 311.6489338617174
-4.85 130.52265136009095
-4.8999999999999995 -185.00654052406603
-4.95 -119.59138635475915
-5 234.31010047028272
-5.05 223.96034629464492
-5.1 37.28146836065896
-5.1499999999999995 -2.8139892035706393
-5.2 161.75314205873127
-5.25 161.67513290187327
-5.3 -194.437454046792
-5.35 -5.991733670708544
-5.3999999999999995 -5.191009930587378
-5.45 -4.7432725547890096
-5.5 -3.7753220536304064
-5.55 179.51351240029493
-5.6 -3.55742795123974
-5.6499999999999995 179.11240781535986
-5.7 -180.07563288722653
-5.75 -3.9115245984122358
-5.8 180.3195895818834
-5.85 179.38469484674886
-5.8999999999999995 179.41095797504002
-5.95 -180.52923523103672
-6 -181.04645577752817
