

-4.05 -180.10029145792777
-4.1 179.89270346863557
-4.1499999999999995 -180.1104107341684
-4.2 -180.0835570376655
-4.25 -0.6940362560170188
-4.3 180.14578370446924
-4.35 181.0115501654032
-4.3999999999999995 -1.643310203327819
-4.45 -0.6054812587186651
-4.5 -0.6957980218666139
-4.55 -0.8096143637349262
-4.6 -0.6952295289093965
-4.6499999999999995 177.77574259798016
-4.7 -182.513847260865
-4.75 -5.146060078703299
-4.8 -6.660678707673063
-4.85 -18.84542989199011
-4.8999999999999995 -51.086594460648634
-4.95 269.00438419610794
-5 -3.875651902209364
-5.05 -45.68468899721828
-5.1 -189.03824897043094
-5.1499999999999995 169.23554405987295
-5.2 -182.45743574816964
-5.25 177.3726113120427
-5.3 -182.12290543994936
-5.35 -0.8859427409780408
-5.3999999999999995 -0.7747033763754788
-5.45 -0.7091339791087858
-5.5 -0.5647428161294923
-5.55 179.9273889432232
-5.6 -0.5345045666782983
-5.6499999999999995 179.8668827870777
-5.7 -180.0111893426372
-5.75 -0.5875468927696057
-5.8 180.04789864450458
-5.85 179.90761879881055
-5.8999999999999995 179.9115458466813
-5.95 -180.07955405728163
-6 -180.1572292818987
