

-4.05 -0.00038152188017730464
-4.1 9.070514568703891E-05
-4.1499999999999995 -0.00026535716992562855
-4.2 -0.00014234399115309928
-4.25 3.987846254524254E-05
-4.3 9.477695447880544E-05
-4.35 5.177540493103325E-06
-4.3999999999999995 8.348758513468949E-05
-4.45 -3.88614957534871E-05
-4.5 -4.797032596988715E-05
-4.55 -4.341802762098434E-05
-4.6 -1.6730256637855753E-05
-4.6499999999999995 1.3368142442867429E-05
-4.7 -3.4297925173646325E-06
-4.75 2.1966812856629814E-06
-4.8 -3.2146092734812604E-07
-4.85 -7.256156181845531E-08
-4.8999999999999995 -6.514457809889404E-10
-4.95 -1.5837005608708518E-14
-5 -3.5187204658641424E-18
-5.05 -6.522269249037682E-16
-5.1 -2.2292254763536068E-10
-5.1499999999999995 1.371053795076232E-08
-5.2 -2.8076004080089154E-07
-5.25 7.342700859306954E-07
-5.3 -5.035956423419943E-06
-5.35 8.582076541029638E-06
-5.3999999999999995 -2.263380119426498E-05
-5.45 -2.9487421250475926E-05
-5.5 -4.439487061525536E-05
-5.55 3.4761671086240155E-05
-5.6 0.00013379893952159499
-5.6499999999999995 6.58560526435113E-05
-5.7 -6.649641125741554E-05
-5.75 4.500153660666064E-05
-5.8 0.00010808920593961848
-5.85 0.0001021712452481072
-5.8999999999999995 9.664426941964323E-05
-5.95 -0.0003460699446614507
-6 -0.00012108509365042785
