

-4.05 -0.0008482138305525832
-4.1 0.00020163215294934761
-4.1499999999999995 -0.000589947685578574
-4.2 -0.0003164776490727666
-4.25 8.859898120004916E-05
-4.3 0.00021064686589401208
-4.35 1.1528517232329651E-05
-4.3999999999999995 0.00018553100790858742
-4.45 -8.630811909549163E-05
-4.5 -0.00010650220450898961
-4.55 -9.636016793660578E-05
-4.6 -3.7137802914317146E-05
-4.6499999999999995 2.9583585658436774E-05
-4.7 -7.55839753846214E-06
-4.75 4.779881379679089E-06
-4.8 -6.847075134395419E-07
-4.85 -1.3535040426893197E-07
-4.8999999999999995 -2.939380848138472E-10
-4.95 -4.814915144316798E-14
-5 7.55701562128205E-18
-5.05 2.6191646060653165E-15
-5.1 -1.173395163830049E-10
-5.1499999999999995 2.5298091898756328E-08
-5.2 -6.003153469147752E-07
-5.25 1.6055725754597768E-06
-5.3 -1.1110000046768584E-05
-5.35 1.901050691438481E-05
-5.3999999999999995 -5.023781455837259E-05
-5.45 -6.54700685663532E-05
-5.5 -9.859453680173171E-05
-5.55 7.726196736820512E-05
-5.6 0.00029735565725097816
-5.6499999999999995 0.00014637357925253295
-5.7 -0.00014786166083747795
-5.75 0.00010000995251730678
-5.8 0.0002402694801941633
-5.85 0.000227123350083311
-5.8999999999999995 0.0002148431324430162
-5.95 -0.0007694281476116377
-6 -0.00026918889549189387
