

-4.05 -0.0026189264387282843
-4.1 0.0006275408085934315
-4.1499999999999995 -0.0018224674776346832
-4.2 -0.0009750316165321663
-4.25 0.00028397939171676977
-4.3 0.0006617052485435429
-4.35 3.331459342276807E-05
-4.3999999999999995 0.0005866542539294294
-4.45 -0.00027930160398347085
-4.5 -0.0003480813437588329
-4.55 -0.0003178589005187302
-4.6 -0.00012265422059631604
-4.6499999999999995 0.00010110372327531336
-4.7 -2.5761730330143153E-05
-4.75 1.4034174718497858E-05
-4.8 -1.2756900793135454E-06
-4.85 4.420268821619518E-08
-4.8999999999999995 2.2963313489316853E-10
-4.95 2.397722461128882E-12
-5 9.651203089351512E-15
-5.05 -2.3087400672899523E-13
-5.1 1.7635410231067425E-10
-5.1499999999999995 -6.9950607313404286E-09
-5.2 -1.2252210263399683E-06
-5.25 5.085849323436597E-06
-5.3 -3.8111753360069425E-05
-5.35 6.471771007177126E-05
-5.3999999999999995 -0.0001656915542382146
-5.45 -0.00021402109897486214
-5.5 -0.0003196180189220397
-5.55 0.00024278262015481008
-5.6 0.0009374095972715204
-5.6499999999999995 0.0004592011306333131
-5.7 -0.0004524140514443982
-5.75 0.0003159202924959427
-5.8 0.0007490435295129523
-5.85 0.0007064968404008427
-5.8999999999999995 0.0006672027009496745
-5.95 -0.0023696220722546546
-6 -0.0008339263543631309
