

-4.05 -0.006468309504178655
-4.1 0.0016033821610118141
-4.1499999999999995 -0.004513870799109145
-4.2 -0.0023908040875711438
-4.25 0.0007998322091021422
-4.3 0.0017432784747518117
-4.35 7.599179458463946E-05
-4.3999999999999995 0.0015731445251001802
-4.45 -0.0007555640772013723
-4.5 -0.0009197113697569
-4.55 -0.0008087987272730456
-4.6 -0.0003313217447802331
-4.6499999999999995 0.0001305267254137828
-4.7 6.772705811755539E-07
-4.75 9.327473605090206E-06
-4.8 -1.0593575239545442E-06
-4.85 -2.1464621347300202E-07
-4.8999999999999995 -1.3689074786809375E-07
-4.95 -2.9917145659402364E-08
-5 -1.1780250472474277E-08
-5.05 -4.205415828591641E-08
-5.1 -1.0964937179291673E-07
-5.1499999999999995 -3.197243249719613E-07
-5.2 -1.509138544677499E-06
-5.25 1.0287465826040575E-06
-5.3 -4.080048127571022E-06
-5.35 0.00010908398017767955
-5.3999999999999995 -0.0004343704224270005
-5.45 -0.0005749082618351153
-5.5 -0.0008702096186159491
-5.55 0.0006500091266650654
-5.6 0.002499190965347152
-5.6499999999999995 0.0012093410517179423
-5.7 -0.0010797685950755702
-5.75 0.000854869152780566
-5.8 0.0019284262579022653
-5.85 0.0018033997382583364
-5.8999999999999995 0.0016919303400357015
-5.95 -0.005786989369723091
-6 -0.0020988079584907306
