

-4.05 -180.1601352612166
-4.1 179.82860269135247
-4.1499999999999995 -180.17629849522336
-4.2 -180.13343494016036
-4.25 -1.109577451115832
-4.3 180.23346675977444
-4.35 181.60735190379162
-4.3999999999999995 -2.6139718201597684
-4.45 -0.9686579633517682
-4.5 -1.1138690626171963
-4.55 -1.2968836458881763
-4.6 -1.1146336093395268
-4.6499999999999995 176.42956571529217
-4.7 -184.05799192557848
-4.75 -8.362390508267904
-4.8 -10.968076675530279
-4.85 -31.870737637540035
-4.8999999999999995 264.2089074445054
-4.95 8.749131049051725
-5 67.88841613351605
-5.05 -98.48173590411754
-5.1 161.80451332939242
-5.1499999999999995 161.37279950992044
-5.2 -184.06851799713107
-5.25 175.72256002486594
-5.3 -183.4250573870805
-5.35 -1.4246975131825343
-5.3999999999999995 -1.2409789318863123
-5.45 -1.1351377944470782
-5.5 -0.9037122414408837
-5.55 179.88379253870602
-5.6 -0.8535924879678901
-5.6499999999999995 179.78724879903032
-5.7 -180.01797831438932
-5.75 -0.9384164403923502
-5.8 180.07665661996413
-5.85 179.85242801041983
-5.8999999999999995 179.85871243683695
-5.95 -180.12701376905503
-6 -180.2511012443081
