

-2.05 0.11504618686919978
-2.0999999999999996 0.11717680185324744
-2.1500000000000004 0.11845436314082344
-2.2 0.11926884173442794
-2.25 0.11983954534137192
-2.3 0.12027491766843494
-2.3499999999999996 0.12063209221173835
-2.4000000000000004 0.12094501655354598
-2.45 0.12123739160984977
-2.5 0.12152936479465945
-2.55 0.12184187934422976
-2.5999999999999996 0.12220066994453006
-2.6500000000000004 0.12264152663052458
-2.7 0.12321922975585624
-2.75 0.124025248225224
-2.8 0.12522676234860242
-2.8499999999999996 0.1271591258276346
-2.9000000000000004 0.1305316871673518
-2.95 0.1365068781557802
-3 0.14465883374919286
-3.05 0.1521306357859818
-3.0999999999999996 0.1581829083812315
-3.1500000000000004 0.16427703246837846
-3.2 0.17266200819344638
-3.25 0.18305875572676966
-3.3 0.19159112951072027
-3.3499999999999996 0.19680814539798805
-3.4000000000000004 0.19948867214177762
-3.45 0.20064902678548582
-3.5 0.2007797191736252
-3.55 0.1999634648179548
-3.5999999999999996 0.19791485497996256
-3.6500000000000004 0.19378252609270402
-3.7 0.1860794636305859
-3.75 0.1754252469600843
-3.8 0.16568830615880142
-3.8499999999999996 0.15794986399960578
-3.9000000000000004 0.1504514454418605
-3.95 0.14052228702048725
-4 0.12857101286810493
