

-2.05 0.5666001465351016
-2.0999999999999996 0.5765943314108977
-2.1500000000000004 0.5823173511370472
-2.2 0.585726205754466
-2.25 0.5879207716651288
-2.3 0.5894447193067228
-2.3499999999999996 0.5905837091497599
-2.4000000000000004 0.5915059823371223
-2.45 0.5923268778254469
-2.5 0.5931420715951627
-2.55 0.5940490857008991
-2.5999999999999996 0.5951670304501646
-2.6500000000000004 0.596662691647819
-2.7 0.598794979324849
-2.75 0.6020032271478
-2.8 0.6071022893626155
-2.8499999999999996 0.6157455781994542
-2.9000000000000004 0.63145782944107
-2.95 0.6600433839841615
-3 0.6993926600814157
-3.05 0.7352339494807061
-3.0999999999999996 0.7638823729744377
-3.1500000000000004 0.7926805529432919
-3.2 0.8329328301344318
-3.25 0.8833585557551052
-3.3 0.9246771956692625
-3.3499999999999996 0.9497234736795956
-3.4000000000000004 0.9624979161827918
-3.45 0.9681422961115168
-3.5 0.9691311406746488
-3.55 0.9658795488772246
-3.5999999999999996 0.9569454262003636
-3.6500000000000004 0.9380322318440476
-3.7 0.9016155888765167
-3.75 0.8506477184710548
-3.8 0.8043652857158291
-3.8499999999999996 0.7680954225717566
-3.9000000000000004 0.7329588058349501
-3.95 0.6855343280698349
-4 0.6277884653715529
