

-4.05 1.1228974424979128
-4.1 1.1441270160593744
-4.1499999999999995 1.158099065760401
-4.2 1.169616496687923
-4.25 1.1824685604404996
-4.3 1.20089340529641
-4.35 1.2322283623980825
-4.3999999999999995 1.2918347692385144
-4.45 1.4048987792798862
-4.5 1.5580721801942563
-4.55 1.6774404018131979
-4.6 1.729844232757155
-4.6499999999999995 1.7137406268393722
-4.7 1.6220332621576865
-4.75 1.4773043959532994
-4.8 1.3567493318704296
-4.85 1.292426878432821
-4.8999999999999995 1.2789374107906368
-4.95 1.3101477399229098
-5 1.3721232223494157
-5.05 1.4316294379466756
-5.1 1.4789291854294695
-5.1499999999999995 1.5273405045638022
-5.2 1.5985564258829636
-5.25 1.6890880718700405
-5.3 1.7586424966474248
-5.35 1.7891595952302117
-5.3999999999999995 1.7801215518315496
-5.45 1.7273708294562566
-5.5 1.6432316590103202
-5.55 1.5707084909804594
-5.6 1.5259622792664822
-5.6499999999999995 1.5014451073035688
-5.7 1.4863461637097584
-5.75 1.4739513411238003
-5.8 1.4593938114926701
-5.85 1.4367053176209512
-5.8999999999999995 1.3950501333220136
-5.95 1.3173755950449009
-6 1.211461679525836
