

-4.05 -180.2808203080134
-4.1 179.69931411418492
-4.1499999999999995 -180.30916676995935
-4.2 -180.23398649701207
-4.25 -1.9474486728255969
-4.3 180.40989650271655
-4.35 182.80930551910106
-4.3999999999999995 -4.572519336756087
-4.45 -1.7015349250810772
-4.5 -1.9576178154362043
-4.55 -2.2803920046402344
-4.6 -1.9615251283130206
-4.6499999999999995 173.71096409322828
-4.7 -187.18127423340576
-4.75 -14.87237460606338
-4.8 -19.76356627576312
-4.85 300.9472685746334
-4.8999999999999995 119.4651681741639
-4.95 -1.5239458049765668
-5 32.8050391380765
-5.05 145.65987718232347
-5.1 122.5559453287146
-5.1499999999999995 144.05661538532974
-5.2 -187.37422396689396
-5.25 172.37043775563816
-5.3 -186.06012592290733
-5.35 -2.513755718069349
-5.3999999999999995 -2.1822553899004604
-5.45 -1.994996977461385
-5.5 -1.5878034964656984
-5.55 179.79594945610347
-5.6 -1.4972640138113658
-5.6499999999999995 179.62662550576957
-5.7 -180.03155053257916
-5.75 -1.646061416616102
-5.8 180.13451437879482
-5.85 179.7411098968553
-5.8999999999999995 179.75215358192312
-5.95 -180.22271902776652
-6 -180.44036419359279
