

-4.05 -186.5396405968365
-4.1 173.0137778979742
-4.1499999999999995 -187.20929439684187
-4.2 -185.6507516746383
-4.25 -44.82136109968497
-4.3 188.81188331770448
-4.35 203.884952198569
-4.3999999999999995 -71.43224419126737
-4.45 322.46588580726757
-4.5 317.32913646865995
-4.55 310.17587027555214
-4.6 303.4767988874927
-4.6499999999999995 -12.636898116836024
-4.7 -99.34965016632243
-4.75 -45.933199164853974
-4.8 -55.73300938666383
-4.85 -44.55852227925888
-4.8999999999999995 -65.32608663619779
-4.95 -73.6960363838098
-5 -74.60537081946522
-5.05 -68.19512734260296
-5.1 -69.26525324339943
-5.1499999999999995 -43.59166231483182
-5.2 -77.12801711695903
-5.25 -40.284672645583946
-5.3 -75.61130432834891
-5.35 -91.36005104440797
-5.3999999999999995 308.6377506855886
-5.45 314.99074193691723
-5.5 323.8177941224168
-5.55 173.76581440115675
-5.6 -33.93039736369984
-5.6499999999999995 171.2075857934826
-5.7 -181.5153027164357
-5.75 -37.99508061393655
-5.8 183.0347728462451
-5.85 173.94611186499395
-5.8999999999999995 174.1982104508852
-5.95 -185.2220414819094
-6 -190.32131559334775
