

-4.05 0.1277126233483512
-4.1 0.12771065465077902
-4.1499999999999995 0.12771215704318623
-4.2 0.1277134468872792
-4.25 0.12771436437714734
-4.3 0.12771501393269852
-4.35 0.12771548288456525
-4.3999999999999995 0.12771582802647646
-4.45 0.1277160856948088
-4.5 0.12771627979168862
-4.55 0.12771642662744362
-4.6 0.12771653772873448
-4.6499999999999995 0.12771662148349042
-4.7 0.12771668412813336
-4.75 0.12771673035614214
-4.8 0.12771676370270385
-4.85 0.127716786792385
-4.8999999999999995 0.12771680149981773
-4.95 0.1277168090526586
-5 0.12771681009363894
-5.05 0.1277168047114174
-5.1 0.12771679244460743
-5.1499999999999995 0.12771677225953906
-5.2 0.12771674249859732
-5.25 0.12771670079107725
-5.3 0.12771664391221454
-5.35 0.12771656756510702
-5.3999999999999995 0.12771646604219983
-5.45 0.1277163316906961
-5.5 0.12771615404611933
-5.55 0.1277159183847549
-5.6 0.1277156032241524
-5.6499999999999995 0.12771517587248776
-5.7 0.12771458436326052
-5.75 0.12771374332183472
-5.8 0.12771251558019558
-5.85 0.12771075010152175
-5.8999999999999995 0.12770907808461712
-5.95 0.12771977245498065
-6 0.12792627938450946
