

-4.05 -181.32362628013215
-4.1 178.5825985951668
-4.1499999999999995 -181.45730768488244
-4.2 -181.10452869431185
-4.25 -9.17821051020224
-4.3 181.92676722733103
-4.35 192.4074538192489
-4.3999999999999995 -20.910389905682145
-4.45 -8.004239390069337
-4.5 -9.200560192218287
-4.55 -10.709807075748875
-4.6 -9.439593304717409
-4.6499999999999995 150.7503755013272
-4.7 146.3506156175971
-4.75 -69.08730994309916
-4.8 -146.1936748920926
-4.85 -26.52003919561809
-4.8999999999999995 -3.392491894477375
-4.95 -49.08828308164525
-5 -57.50457288875874
-5.05 -30.38972501391777
-5.1 -88.13593955215043
-5.1499999999999995 -26.551221750779423
-5.2 114.93724167706938
-5.25 142.61065475546334
-5.3 151.46625483823266
-5.35 -11.907795997259438
-5.3999999999999995 -10.291866047998179
-5.45 -9.39533367482528
-5.5 -7.483097704688504
-5.55 179.0244067362152
-5.6 -7.050407111907982
-5.6499999999999995 178.2386793302479
-5.7 -180.15523594627584
-5.75 -7.756776054899452
-5.8 180.6333344036193
-5.85 178.77929345025484
-5.8999999999999995 178.83136424201322
-5.95 -181.05000831920125
-6 -182.07617000957103
