

-4.05 2.406942921872176E-06
-4.1 2.4070088815214635E-06
-4.1499999999999995 2.4070197024795423E-06
-4.2 2.40702241569322E-06
-4.25 2.407023301032676E-06
-4.3 2.407023641283134E-06
-4.35 2.407023785726506E-06
-4.3999999999999995 2.4070238503927174E-06
-4.45 2.4070238797328414E-06
-4.5 2.4070238926288392E-06
-4.55 2.40702389771132E-06
-4.6 2.407023899121495E-06
-4.6499999999999995 2.407023898899433E-06
-4.7 2.4070238980539218E-06
-4.75 2.407023897072838E-06
-4.8 2.407023896177998E-06
-4.85 2.407023895457444E-06
-4.8999999999999995 2.4070238949354997E-06
-4.95 2.4070238946100836E-06
-5 2.407023894472774E-06
-5.05 2.407023894518384E-06
-5.1 2.407023894748738E-06
-5.1499999999999995 2.4070238951714657E-06
-5.2 2.407023895793476E-06
-5.25 2.407023896607029E-06
-5.3 2.4070238975621806E-06
-5.35 2.407023898515688E-06
-5.3999999999999995 2.407023899134985E-06
-5.45 2.407023898715101E-06
-5.5 2.407023895820036E-06
-5.55 2.4070238875487896E-06
-5.6 2.4070238679506758E-06
-5.6499999999999995 2.4070238243557996E-06
-5.7 2.4070237281064078E-06
-5.75 2.407023508460665E-06
-5.8 2.4070229682517355E-06
-5.85 2.4070214574857342E-06
-5.8999999999999995 2.4070162569085115E-06
-5.95 2.4069910005049294E-06
-6 2.4067482652519574E-06
