

-2.05 8.23482970472572E-07
-2.0999999999999996 8.236228560727301E-07
-2.1500000000000004 8.236128767706552E-07
-2.2 8.235980163902209E-07
-2.25 8.235850167235092E-07
-2.3 8.235739377564182E-07
-2.3499999999999996 8.235643137099929E-07
-2.4000000000000004 8.23555687868357E-07
-2.45 8.235476362091201E-07
-2.5 8.235397329605877E-07
-2.55 8.235315107295139E-07
-2.5999999999999996 8.235224177059017E-07
-2.6500000000000004 8.235117656910885E-07
-2.7 8.234986578811005E-07
-2.75 8.234818768818022E-07
-2.8 8.234596953928912E-07
-2.8499999999999996 8.234295343924948E-07
-2.9000000000000004 8.233873363965846E-07
-2.95 8.233266693123156E-07
-3 8.232400894962593E-07
-3.05 8.231321499931233E-07
-3.0999999999999996 8.230224826468561E-07
-3.1500000000000004 8.229148312204271E-07
-3.2 8.227960225432577E-07
-3.25 8.226523023297693E-07
-3.3 8.224944147629121E-07
-3.3499999999999996 8.223621080446475E-07
-3.4000000000000004 8.22272721414474E-07
-3.45 8.222200444231213E-07
-3.5 8.221968281893999E-07
-3.55 8.221996236798771E-07
-3.5999999999999996 8.222287432365683E-07
-3.6500000000000004 8.222882682637078E-07
-3.7 8.223860556022909E-07
-3.75 8.2252853204764E-07
-3.8 8.226977554741042E-07
-3.8499999999999996 8.228546778751939E-07
-3.9000000000000004 8.229896776398223E-07
-3.95 8.231091532192173E-07
-4 8.230624100899536E-07
