

-2.05 8.240790208213375E-07
-2.0999999999999996 8.242481497805972E-07
-2.1500000000000004 8.242603154395765E-07
-2.2 8.242623490345514E-07
-2.25 8.242627906333396E-07
-2.3 8.242628270138811E-07
-2.3499999999999996 8.242627235484603E-07
-2.4000000000000004 8.242625589636843E-07
-2.45 8.242623605362303E-07
-2.5 8.242621375583169E-07
-2.55 8.242618913587778E-07
-2.5999999999999996 8.242616186027096E-07
-2.6500000000000004 8.242613122606996E-07
-2.7 8.242609615314671E-07
-2.75 8.242605510166022E-07
-2.8 8.242600589686517E-07
-2.8499999999999996 8.242594539637078E-07
-2.9000000000000004 8.242586888092171E-07
-2.95 8.242576922931001E-07
-3 8.242563858555526E-07
-3.05 8.242548210733422E-07
-3.0999999999999996 8.242532101511625E-07
-3.1500000000000004 8.242516026381891E-07
-3.2 8.24249871637219E-07
-3.25 8.242478887620232E-07
-3.3 8.242457925999312E-07
-3.3499999999999996 8.242440321286584E-07
-3.4000000000000004 8.242428216172242E-07
-3.45 8.242421174714779E-07
-3.5 8.242418534652072E-07
-3.55 8.242419943600779E-07
-3.5999999999999996 8.242425362599193E-07
-3.6500000000000004 8.242435050108381E-07
-3.7 8.242449507960024E-07
-3.75 8.24246879914649E-07
-3.8 8.242489815340659E-07
-3.8499999999999996 8.242505319769795E-07
-3.9000000000000004 8.242501540471078E-07
-3.95 8.24238790490426E-07
-4 8.240521727638899E-07
