

-4.05 8.233421813281062E-07
-4.1 8.234143134771544E-07
-4.1499999999999995 8.234192402777294E-07
-4.2 8.234200771329422E-07
-4.25 8.234202977395224E-07
-4.3 8.234203633431446E-07
-4.35 8.234203722674098E-07
-4.3999999999999995 8.234203506030226E-07
-4.45 8.234203035469737E-07
-4.5 8.234202300496276E-07
-4.55 8.234201419820178E-07
-4.6 8.234200713253601E-07
-4.6499999999999995 8.234200368537039E-07
-4.7 8.234200411367932E-07
-4.75 8.234200816059253E-07
-4.8 8.23420138781221E-07
-4.85 8.23420180558596E-07
-4.8999999999999995 8.234201957416473E-07
-4.95 8.234201869528471E-07
-5 8.234201564624975E-07
-5.05 8.234201099745042E-07
-5.1 8.234200584617847E-07
-5.1499999999999995 8.234200056058266E-07
-5.2 8.234199476780078E-07
-5.25 8.234198809034943E-07
-5.3 8.234198124051975E-07
-5.35 8.234197620032052E-07
-5.3999999999999995 8.234197404929523E-07
-5.45 8.234197488454902E-07
-5.5 8.234197853476196E-07
-5.55 8.234198378886245E-07
-5.6 8.234198852607847E-07
-5.6499999999999995 8.234199180842207E-07
-5.7 8.23419934723174E-07
-5.75 8.234199277699942E-07
-5.8 8.234198693253496E-07
-5.85 8.234196567220802E-07
-5.8999999999999995 8.23418803583527E-07
-5.95 8.234135695034272E-07
-6 8.233331463415746E-07
