

-4.05 -0.001480144048736855
-4.1 0.00035240745337337845
-4.1499999999999995 -0.0010295713605235689
-4.2 -0.0005520169545668022
-4.25 0.000155780326165183
-4.3 0.0003688544837058018
-4.35 1.9849125179309307E-05
-4.3999999999999995 0.00032531445082015177
-4.45 -0.0001520947624762947
-4.5 -0.00018811119214337473
-4.55 -0.00017057732376603337
-4.6 -6.573418497540704E-05
-4.6499999999999995 5.295074262038656E-05
-4.7 -1.3615619942979995E-05
-4.75 8.558225946493127E-06
-4.8 -1.1809005914586672E-06
-4.85 -1.4993876255844119E-07
-4.8999999999999995 2.38764474614085E-10
-4.95 3.9253525637407847E-14
-5 9.120252328485217E-17
-5.05 -2.1806929920732496E-14
-5.1 1.1217754778155741E-10
-5.1499999999999995 2.636942196404451E-08
-5.2 -1.0444195943824289E-06
-5.25 2.892234108019095E-06
-5.3 -2.0001737839948513E-05
-5.35 3.394807494514726E-05
-5.3999999999999995 -8.891344985875303E-05
-5.45 -0.00011563312778408551
-5.5 -0.00017380720224904441
-5.55 0.0001352917892396978
-5.6 0.0005210618781172229
-5.6499999999999995 0.0002562366449343892
-5.7 -0.00025755533093662806
-5.75 0.0001753165069564074
-5.8 0.00042007559377570477
-5.85 0.0003969161014405671
-5.8999999999999995 0.0003753328089313874
-5.95 -0.0013419873686300703
-6 -0.0004700417618084978
