

-4.05 -0.0038705960288311393
-4.1 0.0009369819230757657
-4.1499999999999995 -0.002695438396165143
-4.2 -0.0014372627515729865
-4.25 0.0004389232206581861
-4.3 0.0009989310513368861
-4.35 4.581262580101448E-05
-4.3999999999999995 0.0008921835436915107
-4.45 -0.0004335282277998059
-4.5 -0.0005433712992420177
-4.55 -0.0004979190348336457
-4.6 -0.00019396076587836975
-4.6499999999999995 0.00015245511897753466
-4.7 -3.3330673580339733E-05
-4.75 7.950414272565237E-06
-4.8 3.597949643646613E-07
-4.85 -1.175938235788659E-07
-4.8999999999999995 -4.020908542712911E-10
-4.95 -9.227667072484018E-11
-5 -2.9001682071628382E-11
-5.05 2.3445933811351748E-11
-5.1 1.4505248193600112E-10
-5.1499999999999995 -3.664988159929386E-09
-5.2 2.91915842192952E-07
-5.25 4.0109290206674525E-06
-5.3 -5.160954130236578E-05
-5.35 0.00010017715544954408
-5.3999999999999995 -0.000260494146740184
-5.45 -0.00033481392368631883
-5.5 -0.0004972039689196414
-5.55 0.00036715224908732454
-5.6 0.0014211186805264517
-5.6499999999999995 0.000692397580250202
-5.7 -0.0006611080808879861
-5.75 0.00048042857030377597
-5.8 0.0011208332288757002
-5.85 0.0010542686575505753
-5.8999999999999995 0.0009935818023359632
-5.95 -0.0034905539309744308
-6 -0.0012382854839496761
