

-4.05 -0.009684554782013178
-4.1 0.0024449329100220034
-4.1499999999999995 -0.006780404019136628
-4.2 -0.00358998012892104
-4.25 0.0012199653963247928
-4.3 0.0026463752625009484
-4.35 0.0001821806600499313
-4.3999999999999995 0.0023569387543413093
-4.45 -0.000923877744784066
-4.5 -0.000961630525740161
-4.55 -0.0006920871720554334
-4.6 -0.00026554479003208927
-4.6499999999999995 -4.515287454154611E-05
-4.7 -3.464124433457283E-05
-4.75 -7.829937415477617E-06
-4.8 -7.564618004303876E-06
-4.85 -8.391508992217508E-06
-4.8999999999999995 -1.7827193082364715E-06
-4.95 -2.8667505542782184E-06
-5 -2.569489089060445E-06
-5.05 -1.954110432904022E-06
-5.1 -9.862384530591911E-07
-5.1499999999999995 7.01131081677614E-07
-5.2 -4.3694621538839565E-06
-5.25 2.852160964158484E-06
-5.3 -4.0135172900710325E-05
-5.35 -2.8219964542053953E-05
-5.3999999999999995 -0.0003736091975455075
-5.45 -0.0006038879655083093
-5.5 -0.0010444284220800985
-5.55 0.0010309140692550346
-5.6 0.0037842434275712662
-5.6499999999999995 0.0018586386303302367
-5.7 -0.0016166107183583178
-5.75 0.00133192901806189
-5.8 0.002957409551701244
-5.85 0.002759027761277832
-5.8999999999999995 0.002582142848186948
-5.95 -0.0086067824775413
-6 -0.003218859057410059
